"l";"y";"actual"
"1";3.44586433129316;0.43;-3.01586433129316
"2";-0.21038431649386;0.4;0.61038431649386
"3";2.24293043833128;0.66;-1.58293043833128
"4";2.81652642828083;1.1;-1.71652642828083
"5";3.84274119465716;4.34;0.497258805342844
"6";4.30620977732381;7.08;2.77379022267619
"7";6.6218145985194;3.34;-3.2818145985194
"8";-0.34575802710551;1.27;1.61575802710551
"9";1.6831868535165;0.65;-1.0331868535165
"10";0.130014025931255;0.77;0.639985974068745
"11";1.42804740081045;0.66;-0.768047400810447
"12";-0.285830091499165;0.37;0.655830091499165
"13";1.3763912899417;0.43;-0.946391289941697
"14";0.900961922392082;0.38;-0.520961922392082
"15";-0.542379465399323;0.64;1.18237946539932
"16";1.45303395857491;2.19;0.736966041425085
"17";5.44521111098236;3.68;-1.76521111098236
"18";3.92846535217443;3.39;-0.53846535217443
"19";2.19017659612736;1.86;-0.330176596127356
"20";0.871428543311076;0.61;-0.261428543311076
"21";0.530471683217638;0.73;0.199528316782362
"22";0.907740175321247;0.8;-0.107740175321247
"23";0.585977955077056;0.66;0.0740220449229444
"24";0.67712143777256;0.4;-0.277121437772559
"25";0.354363584610719;0.45;0.0956364153892813
"26";0.545271638062213;0.49;-0.0552716380622127
"27";1.01194064217777;1.08;0.0680593578222259
"28";2.39621097064323;1.89;-0.506210970643226
"29";2.77318142181518;5.49;2.71681857818482
"30";5.03921026668565;7.26;2.22078973331435
"31";4.8216905457503;3.24;-1.5816905457503
"32";0.421313819868894;1.29;0.868686180131106
"33";1.12937822851286;0.75;-0.379378228512863
"34";0.657467954625232;1.17;0.512532045374768
"35";1.30835118890354;0.65;-0.658351188903538
"36";-0.140373695408618;0.41;0.550373695408618
"37";1.19711416837849;0.37;-0.827114168378493
"38";0.40709904510403;0.48;0.0729009548959701
"39";0.647021899281641;0.64;-0.00702189928164132
"40";2.3263930968233;1.77;-0.556393096823305
"41";4.97649431829017;2.83;-2.14649431829017
"42";3.20916466079408;4.01;0.800835339205919
"43";3.29063028441055;1.97;-1.32063028441055
"44";0.507962769057891;0.57;0.0620372309421088
"45";0.793083588391784;0.52;-0.273083588391784
"46";0.707160118908402;0.63;-0.0771601189084022
"47";0.699755377902838;0.5;-0.199755377902838
"48";0.316222152583517;0.42;0.103777847416482
"49";0.584868390390223;0.48;-0.104868390390223
"50";0.624605259741481;0.52;-0.104605259741481
"51";0.720188755868917;1.71;0.989811244131083
"52";2.46363872522269;2.17;-0.293638725222691
"53";2.94327475844769;4.35;1.40672524155231
"54";4.19233040728;5.22;1.02766959272
"55";3.28946798547688;2.54;-0.749467985476882
"56";0.777782964601255;1.97;1.19221703539874
"57";1.5691869903219;0.81;-0.759186990321903
"58";0.425534454223471;1.71;1.28446554577653
"59";1.71295865468626;0.61;-1.10295865468626
"60";-0.0895804424591476;0.45;0.539580442459148
"61";0.833178635718713;0.32;-0.513178635718713
"62";0.660977660878169;0.43;-0.230977660878169
"63";1.1278600618437;0.62;-0.507860061843702
"64";1.78858562590125;1.88;0.0914143740987545
"65";4.01468459944356;4.53;0.515315400556443
"66";4.30935332504271;8.98;4.67064667495729
"67";7.57633410152455;5.23;-2.34633410152455
"68";1.97327414865546;1.39;-0.583274148655462
"69";0.577418419380389;0.8;0.222581580619611
"70";1.19547212756769;0.57;-0.625472127567692
"71";0.810604831698081;0.55;-0.260604831698081
"72";0.0997024173901656;0.49;0.390297582609834
"73";0.676818666870821;0.43;-0.246818666870821
"74";1.11105833990167;0.46;-0.651058339901666
"75";0.136071326138365;0.81;0.673928673861635
"76";1.9074783604483;1.08;-0.827478360448303
"77";4.87640574761019;3.08;-1.79640574761019
"78";4.78850232905044;5.83;1.04149767094956
"79";4.78360077312028;2.11;-2.67360077312028
"80";0.204900123135733;0.67;0.465099876864267
"81";0.537738471116348;0.7;0.162261528883652
"82";0.849398099811513;0.66;-0.189398099811513
"83";0.775787912642556;0.61;-0.165787912642556
"84";0.288428276056348;0.5;0.211571723943652
"85";0.667759234738097;0.35;-0.317759234738097
"86";0.838071210886131;0.38;-0.458071210886131
"87";0.205618971547297;0.8;0.594381028452703
"88";1.39717302395149;1.67;0.272826976048507
"89";3.97814980429344;3.61;-0.368149804293435
"90";3.55979059418436;2.46;-1.09979059418436
"91";1.16514254878609;1.17;0.00485745121390613
"92";0.737378118936158;0.66;-0.0773781189361576
"93";0.640775891541751;0.47;-0.170775891541751
"94";0.62353840935346;0.44;-0.18353840935346
"95";0.445670278069826;0.5;0.0543297219301742
"96";0.524819110560085;0.48;-0.0448191105600854
"97";0.562786011508451;0.5;-0.062786011508451
"98";0.502582376020608;0.74;0.237417623979392
"99";0.913183995251956;0.84;-0.0731839952519564
"100";2.06971607290022;1.19;-0.879716072900224
"101";1.89772423547496;7;5.10227576452504
"102";6.09865280932191;7.95;1.85134719067809
"103";4.53922344751002;2.96;-1.57922344751002
"104";0.326696645321015;1.14;0.813303354678985
"105";0.942086012386607;0.5;-0.442086012386607
"106";0.579529184074624;0.63;0.0504708159253757
"107";0.737355152099598;0.73;-0.00735515209959825
"108";0.472054325430129;0.5;0.0279456745698711
"109";0.980557224239487;0.5;-0.480557224239487
"110";0.836280355308804;0.56;-0.276280355308804
"111";-0.0177713422347451;1.16;1.17777134223474
"112";3.50026293314458;1.1;-2.40026293314458
"113";4.15211750174515;4.86;0.707882498254848
"114";5.4727080782793;9.81;4.3372919217207
"115";7.50878614296099;2.72;-4.78878614296099
"116";-1.20647908424328;2.01;3.21647908424328
"117";2.45938283214219;0.92;-1.53938283214219
"118";0.18828214446891;0.52;0.33171785553109
"119";1.26477527737347;0.51;-0.754775277373472
"120";0.0240365502197089;0.55;0.525963449780291
"121";1.0519073236368;0.42;-0.631907323636805
"122";0.865715866098378;0.54;-0.325715866098378
"123";0.718069313316318;1.11;0.391930686683682
"124";1.39546998880952;1.43;0.0345300111904789
"125";6.16710114232088;5.49;-0.677101142320884
"126";5.18570492855553;6.32;1.13429507144447
"127";4.25344444387529;1.77;-2.48344444387529
"128";0.40880550979956;0.87;0.46119449020044
"129";0.966325026120238;0.52;-0.446325026120238
"130";0.455582250055327;0.36;-0.0955822500553274
"131";0.626486325911742;0.49;-0.136486325911742
"132";0.511223232608629;0.49;-0.0212232326086289
"133";0.606995468920771;0.46;-0.146995468920771
"134";0.918636438973891;0.42;-0.498636438973891
"135";0.395224242293715;0.55;0.154775757706285
"136";2.24508952959357;1.57;-0.675089529593568
"137";4.41446493425726;4.45;0.035535065742736
"138";3.92530061744257;5.62;1.69469938255743
"139";3.50633236154674;2.87;-0.636332361546739
"140";1.11512205559267;1.66;0.544877944407328
"141";1.10343599223644;1.08;-0.0234359922364362
"142";0.725211331390176;0.89;0.164788668609824
"143";0.852933216006738;0.8;-0.0529332160067381
"144";0.657583827037477;0.52;-0.137583827037477
"145";0.593293305296482;0.38;-0.213293305296482
"146";0.467854362028482;0.62;0.152145637971518
"147";0.815455547575866;0.62;-0.195455547575866
"148";1.8268441406228;2.01;0.183155859377198
"149";4.22191526389156;3.77;-0.451915263891564
"150";3.70846428302241;3.85;0.14153571697759
"151";2.8060465554761;1.23;-1.5760465554761
"152";0.514933716097584;0.37;-0.144933716097584
"153";0.738358882412691;0.3;-0.438358882412691
"154";0.53554324719115;0.44;-0.0955432471911495
"155";0.686147028058057;0.48;-0.206147028058057
"156";0.376261093084096;0.33;-0.0462610930840958
"157";0.605779885065732;0.32;-0.285779885065732
"158";0.349274488519505;0.49;0.140725511480495
"159";0.965729703508039;0.74;-0.225729703508039
"160";1.8573351301455;1.59;-0.267335130145504
"161";3.04477868206901;2.62;-0.424778682069006
"162";2.25992173673397;2.94;0.680078263266031
"163";1.79832927530484;1.77;-0.0283292753048376
"164";0.780839938797895;0.9;0.119160061202105
"165";0.626231496333989;1.31;0.683768503666011
"166";1.14220583840248;1.23;0.0877941615975233
"167";0.810909055123694;0.75;-0.0609090551236943
"168";0.496779457307669;0.55;0.0532205426923313
"169";0.566790835474783;0.44;-0.126790835474783
"170";0.529287069628238;0.43;-0.099287069628238
"171";0.813450532387267;0.79;-0.0234505323872666
"172";1.54041357698743;1.94;0.399586423012565
"173";2.69505560330232;4.14;1.44494439669768
"174";3.64861574909832;4.23;0.581384250901678
"175";2.44749336561047;1.7;-0.747493365610466
"176";0.900594921199814;0.66;-0.240594921199814
"177";0.983623000479059;0.36;-0.623623000479059
"178";0.558587638421095;0.52;-0.0385876384210952
"179";0.703015700756393;0.41;-0.293015700756393
"180";0.416041853706482;0.46;0.043958146293518
"181";0.594714019590031;0.41;-0.184714019590031
"182";0.499467541677143;0.47;-0.0294675416771435
"183";0.853095636320805;0.74;-0.113095636320805
"184";2.02356966238971;1.5;-0.523569662389713
"185";3.14001051929836;4.76;1.61998948070164
"186";4.26298284255531;4.49;0.227017157444692
"187";2.34542498316828;2.96;0.61457501683172
"188";1.56518014177277;1.14;-0.425180141772768
"189";0.446480607092882;2.51;2.06351939290712
"190";2.2532598980537;1.15;-1.1032598980537
"191";0.223239013404445;0.9;0.676760986595555
"192";1.03910957800511;0.54;-0.499109578005106
"193";0.308518004990021;0.57;0.261481995009978
"194";0.981614051747809;0.57;-0.411614051747809
"195";0.316198542693045;0.92;0.603801457306955
"196";2.70524109754682;1.21;-1.49524109754682
"197";2.69013307025026;5.35;2.65986692974974
"198";5.62705912562975;4.57;-1.05705912562975
"199";2.04839925710113;1.88;-0.168399257101131
"200";1.91714798168229;0.77;-1.14714798168229
"201";0.890576886742531;0.43;-0.460576886742531
"202";0.778825762811398;0.74;-0.0388257628113977
"203";0.780138413699262;0.7;-0.0801384136992616
"204";0.657866477944386;0.42;-0.237866477944386
"205";0.495382368462342;0.4;-0.0953823684623417
"206";0.885096236630778;0.42;-0.465096236630778
"207";0.0733384919909763;1.14;1.06666150800902
"208";3.08717054489641;2.06;-1.02717054489641
"209";3.57673523955691;5.04;1.46326476044309
"210";4.38557976240937;5.93;1.54442023759063
"211";3.58659415602574;2.47;-1.11659415602574
"212";0.604520279288375;2.33;1.72547972071162
"213";1.93877154814281;2.02;0.081228451857192
"214";1.35019147864707;1.14;-0.21019147864707
"215";0.767470026731024;0.69;-0.0774700267310245
"216";0.568153176804301;0.54;-0.0281531768043013
"217";0.545017102341567;0.36;-0.185017102341567
"218";0.74163963130945;0.59;-0.15163963130945
"219";0.895784320934555;0.7;-0.195784320934555
"220";2.24808216680803;2.1;-0.148082166808027
"221";4.601085564669;2.44;-2.161085564669
"222";2.3305931450285;3.78;1.4494068549715
"223";3.43658802885669;1.31;-2.12658802885669
"224";0.95956546176606;1.8;0.84043453823394
"225";1.97875301505375;0.64;-1.33875301505374
"226";0.31880294598005;0.67;0.35119705401995
"227";0.848643929445758;0.52;-0.328643929445757
"228";0.385349241608374;0.35;-0.0353492416083739
"229";0.557823967544225;0.32;-0.237823967544225
"230";0.33687533818809;0.45;0.11312466181191
"231";1.20316751744094;0.52;-0.683167517440942
"232";1.04992649927156;0.69;-0.359926499271555
"233";2.41034966280259;1.42;-0.990349662802588
"234";1.37885036757864;1.71;0.331149632421362
"235";1.88376259850316;0.55;-1.33376259850316
"236";0.293632765958945;0.3;0.00636723404105533
"237";0.527468859129852;0.33;-0.197468859129852
"238";0.461746346109315;0.61;0.148253653890685
"239";0.586004914700287;0.43;-0.156004914700287
"240";0.307593254406549;0.31;0.00240674559345105
"241";0.383804797058777;0.33;-0.0538047970587769
"242";0.45087079344048;0.68;0.22912920655952
"243";0.652636762190495;0.83;0.177363237809505
"244";0.975690126612818;2.02;1.04430987338718
"245";2.25795256039387;4.9;2.64204743960613
"246";3.55490685604097;4.46;0.905093143959027
"247";2.27485000399695;2.48;0.205149996003051
"248";1.10788862418184;1.14;0.0321113758181568
"249";0.79350083241106;0.6;-0.19350083241106
"250";0.573014729953967;0.41;-0.163014729953967
"251";0.42021421514787;0.46;0.0397857848521297
"252";0.442120997747213;0.33;-0.112120997747213
"253";0.5696637440914;0.33;-0.2396637440914
"254";0.546049638028005;0.31;-0.236049638028005
"255";0.591174126373857;0.61;0.0188258736261427
"256";2.45234149840958;0.61;-1.84234149840958
"257";2.38752245172339;1.77;-0.617522451723394
"258";2.46988037144422;4.9;2.43011962855578
"259";3.94770876274607;1.37;-2.57770876274607
"260";-0.0245409473499252;0.42;0.444540947349925
"261";0.572159092540128;0.46;-0.112159092540128
"262";0.507275931571571;0.46;-0.0472759315715708
"263";0.477726572498818;0.36;-0.117726572498818
"264";0.354117406728986;0.39;0.0358825932710141
"265";0.369348677323057;0.37;0.000651322676942789
"266";0.601094332545591;0.37;-0.231094332545591
"267";0.41644166891269;0.41;-0.0064416689126896
"268";0.360573798894636;0.56;0.199426201105365
"269";2.87511440991062;1.35;-1.52511440991062
"270";1.6302302755979;0.63;-1.0002302755979
"271";0.296939467563066;0.16;-0.136939467563066
"272";0.262782800906819;0.16;-0.102782800906819
"273";0.33248562161624;0.16;-0.17248562161624
"274";0.253186366074481;0.18;-0.0731863660744807
"275";0.284709348121088;0.22;-0.0647093481210879
"276";0.299463304629865;0.28;-0.0194633046298648
"277";0.34716661270905;0.31;-0.0371666127090503
"278";0.356892023835205;0.33;-0.0268920238352051
"279";0.281496783990045;0.42;0.138503216009955
"280";0.896165465418967;0.8;-0.0961654654189674
"281";0.855682956705608;1.73;0.874317043294392
"282";1.21778073922609;4.94;3.72221926077391
"283";3.52221136307005;1.81;-1.71221136307005
"284";0.11149365403675;0.64;0.52850634596325
"285";0.51897501698312;0.52;0.00102498301687981
"286";0.41095835642616;0.42;0.00904164357384002
"287";0.410944971872742;0.39;-0.0209449718727423
"288";0.388215340087843;0.32;-0.0682153400878431
"289";0.362231715535874;0.32;-0.0422317155358735
"290";0.441297802732613;0.39;-0.0512978027326129
"291";0.55781014782626;0.56;0.0021898521737399
"292";0.492999666839469;1.63;1.13700033316053
"293";3.55698935548736;4.43;0.87301064451264
"294";3.90948285686229;3.27;-0.639482856862293
"295";1.62605694781892;1.23;-0.396056947818918
"296";0.625609594557219;1.07;0.444390405442781
"297";0.913112560420003;0.67;-0.243112560420003
"298";0.507763006322745;0.43;-0.0777630063227447
"299";0.418536597824596;0.54;0.121463402175404
"300";0.52642989172241;0.39;-0.13642989172241
"301";0.451382447013906;0.24;-0.211382447013906
"302";0.337734441468798;0.51;0.172265558531202
"303";0.619162234927512;0.86;0.240837765072488
"304";2.48154187738588;1.86;-0.621541877385877
"305";2.86423110448362;4.29;1.42576889551638
"306";3.36119129118516;2.9;-0.461191291185162
"307";1.61078656944812;1.63;0.0192134305518761
"308";1.13079695179618;0.49;-0.640796951796184
"309";0.280611154306054;0.5;0.219388845693946
"310";0.675124297486873;0.56;-0.115124297486873
"311";0.558028460560451;0.46;-0.0980284605604509
"312";0.37298327325129;0.47;0.0970167267487097
"313";0.554668121536902;0.39;-0.164668121536902
"314";0.542564035791007;0.43;-0.112564035791007
"315";0.666179651340062;0.97;0.303820348659938
"316";2.59636719869798;1.99;-0.606367198697977
"317";2.6358565707004;4.14;1.5041434292996
"318";3.53994119754838;0.58;-2.95994119754838
"319";-0.392043551772956;2.12;2.51204355177296
"320";1.98498666418659;0.62;-1.36498666418659
"321";0.208429259333989;1.11;0.901570740666011
"322";1.03031964706725;0.69;-0.340319647067246
"323";0.539729571605169;0.58;0.0402704283948311
"324";0.554374326465806;0.49;-0.0643743264658062
"325";0.490050623765357;0.42;-0.0700506237653573
"326";0.569673058893081;0.36;-0.209673058893081
"327";0.670881689990459;0.99;0.319118310009541
"328";2.95669546862225;1.42;-1.53669546862225
"329";0.867507698731574;3.07;2.20249230126843
"330";3.06000931417134;2.05;-1.01000931417134
"331";1.05166326039857;0.51;-0.54166326039857
"332";0.58074883301704;0.27;-0.31074883301704
"333";0.539770219412896;0.67;0.130229780587104
"334";0.748462607516075;0.4;-0.348462607516075
"335";0.419477865010718;0.38;-0.0394778650107179
"336";0.447847628694066;0.34;-0.107847628694066
"337";0.354338230333418;0.31;-0.0443382303334178
"338";0.579686430873634;0.36;-0.219686430873634
"339";0.581412907252824;0.53;-0.0514129072528242
"340";1.70940430095296;0.84;-0.869404300952958
"341";1.57213053303638;2.49;0.91786946696362
"342";1.91509309720041;1.83;-0.0850930972004118
"343";0.855467028777106;0.48;-0.375467028777106
"344";0.370046825794805;0.22;-0.150046825794805
"345";0.354829470796255;0.5;0.145170529203745
"346";0.539351947778992;0.84;0.300648052221008
"347";0.697431912234053;0.49;-0.207431912234053
"348";0.329343955003597;0.44;0.110656044996403
"349";0.466742558469059;0.43;-0.0367425584690592
"350";0.480208313867945;0.52;0.0397916861320547
"351";0.435978810983996;0.82;0.384021189016004
"352";1.61221381974094;1.34;-0.272213819740938
"353";1.75765675781577;6.13;4.37234324218423
"354";4.51100551385303;4.94;0.428994486146974
"355";2.27164087014151;2.05;-0.221640870141513
"356";0.804953017323264;0.98;0.175046982676736
"357";0.971040465979536;0.75;-0.221040465979536
"358";0.718202523912244;2.22;1.50179747608776
"359";1.78895566458178;1.11;-0.678955664581779
"360";0.522327939763891;0.71;0.187672060236109
"361";0.778311093464408;0.5;-0.278311093464408
"362";0.698591348876675;0.49;-0.208591348876675
"363";0.23506379543858;0.78;0.54493620456142
"364";3.15916658444913;3.51;0.350833415550874
"365";4.87299893796783;3.96;-0.91299893796783
"366";3.15219527212738;5.18;2.02780472787262
"367";3.49638568652174;1.62;-1.87638568652174
"368";0.321906231056513;0.56;0.238093768943487
"369";1.41229334926124;0.34;-1.07229334926124
"370";0.844471199455904;0.41;-0.434471199455904
"371";0.646133806063434;0.45;-0.196133806063434
"372";0.607663056351778;0.44;-0.167663056351778
"373";0.509246370931616;0.4;-0.109246370931616
"374";0.368405716556679;0.41;0.0415942834433214
"375";1.60627477044503;0.63;-0.976274770445032
"376";1.87515091241158;1.79;-0.0851509124115764
"377";3.78310692410958;2.66;-1.12310692410958
"378";2.37892480745968;3.36;0.981075192540323
"379";2.19926433751882;1.76;-0.439264337518815
"380";0.790445247055808;0.98;0.189554752944192
"381";0.664996175551307;0.55;-0.114996175551307
"382";0.525846781330912;0.46;-0.0658467813309122
"383";0.504208571371881;0.56;0.0557914286281187
"384";0.581839471569182;0.48;-0.101839471569182
"385";0.475530585431619;0.34;-0.135530585431619
"386";0.393398235447291;0.42;0.0266017645527092
"387";0.894245335588575;0.63;-0.264245335588575
"388";1.41132667800354;1.26;-0.151326678003544
"389";2.38590036162973;4.01;1.62409963837027
"390";3.51549825728913;5.1;1.58450174271087
"391";3.36811899475178;2.2;-1.16811899475178
"392";0.832352853105641;0.51;-0.322352853105641
"393";0.30380637235969;0.28;-0.0238063723596902
"394";0.559993618634844;0.42;-0.139993618634844
"395";0.577123841742383;0.47;-0.107123841742383
"396";0.433074112266718;0.39;-0.0430741122667183
"397";0.500308426895936;0.4;-0.100308426895936
"398";0.569488037400121;0.43;-0.139488037400121
"399";0.411823934564336;0.54;0.128176065435664
"400";1.82691408558907;0.93;-0.89691408558907
"401";3.05613963913841;3.46;0.403860360861595
"402";3.50312522713598;3.4;-0.103125227135981
"403";1.98945273600869;2.06;0.070547263991307
"404";0.958128836971958;1.25;0.291871163028042
"405";0.809263549163846;0.46;-0.349263549163846
"406";0.429643420428395;0.62;0.190356579571605
"407";0.63060820808252;0.54;-0.0906082080825202
"408";0.481257341727508;0.41;-0.0712573417275078
"409";0.521104634540347;0.45;-0.0711046345403474
"410";0.524775085754813;0.39;-0.134775085754813
"411";0.29250752603995;0.61;0.31749247396005
"412";1.83954967240304;1.25;-0.589549672403042
"413";2.36808891399953;2.13;-0.238088913999532
"414";2.28227278221149;2.46;0.177727217788506
"415";1.99841219536148;0.9;-1.09841219536148
"416";0.361254182327734;0.59;0.228745817672266
"417";0.639477970059334;0.38;-0.259477970059334
"418";0.487738688536629;0.5;0.0122613114633708
"419";0.517298849795087;0.58;0.0627011502049132
"420";0.569608286529302;0.55;-0.0196082865293024
"421";0.50148584103087;0.34;-0.16148584103087
"422";0.398629355839378;0.44;0.041370644160622
"423";0.667231066635694;0.81;0.142768933364306
"424";1.36901241086296;0.96;-0.409012410862965
"425";1.75829444327252;3.85;2.09170555672748
"426";3.0711046428739;4.04;0.968895357126096
"427";2.41354385501072;2.38;-0.0335438550107225
"428";1.1104054195056;1.48;0.369594580494404
"429";0.948085459725374;0.72;-0.228085459725374
"430";0.635059790833067;1.01;0.374940209166933
"431";0.984941738851632;0.72;-0.264941738851632
"432";0.49346751627767;0.57;0.0765324837223296
"433";0.601833196657529;0.5;-0.101833196657529
"434";0.702122796431426;0.56;-0.142122796431426
"435";0.381431620452824;0.8;0.418568379547177
"436";2.07521456017998;2.1;0.0247854398200182
"437";3.27820424641942;4.32;1.04179575358058
"438";3.8745902967155;4.12;0.245409703284505
"439";2.83578318676496;1.21;-1.62578318676496
"440";0.370054050717177;0.65;0.279945949282823
"441";0.91006289078695;0.28;-0.63006289078695
"442";0.545584171971262;0.41;-0.135584171971262
"443";0.576438574505364;0.5;-0.076438574505364
"444";0.559454563149118;0.43;-0.129454563149118
"445";0.583060013817131;0.42;-0.163060013817131
"446";0.500770182447582;0.44;-0.0607701824475822
"447";0.806293056684617;0.87;0.0637069433153831
"448";2.39664632886405;1.61;-0.786646328864052
"449";3.08926494591781;3.82;0.73073505408219
"450";3.06954920870395;5.45;2.38045079129605
"451";3.54776677505619;2.64;-0.90776677505619
"452";0.912530110100518;0.71;-0.202530110100518
"453";0.330136743540943;0.39;0.0598632564590568
"454";0.573930176535003;0.63;0.0560698234649972
"455";0.703333280970165;0.58;-0.123333280970165
"456";0.523561919136698;0.45;-0.0735619191366976
"457";0.48522709217954;0.43;-0.0552270921795398
"458";0.68588364522944;0.49;-0.19588364522944
"459";0.677027446220082;0.8;0.122972553779918
"460";1.85263403321185;1.5;-0.352634033211852
"461";3.58018194313829;2.42;-1.16018194313829
"462";2.83755162551617;3.67;0.832448374483831
"463";2.56978068133511;1.7;-0.869780681335114
"464";0.624636529037803;0.52;-0.104636529037803
"465";0.442556400491097;0.41;-0.0325564004910966
"466";0.597633051680694;0.42;-0.177633051680694
"467";0.511165176491755;0.43;-0.0811651764917546
"468";0.460279903771277;0.51;0.0497200962287228
"469";0.537583820333805;0.39;-0.147583820333805
"470";0.556205766677619;0.44;-0.116205766677619
"471";0.765989212478219;0.51;-0.255989212478219
"472";1.12102849491746;0.65;-0.471028494917456
"473";2.16749003768985;2.03;-0.137490037689853
"474";2.25155587155619;3.56;1.30844412844381
"475";2.43668947661375;1.67;-0.766689476613749
"476";0.638282026634219;0.97;0.331717973365781
"477";0.669232746064708;0.51;-0.159232746064708
"478";0.465521784453823;0.51;0.044478215546177
"479";0.598253861758355;0.55;-0.0482538617583554
"480";0.489762423114964;0.41;-0.0797624231149637
"481";0.453588523186158;0.59;0.136411476813842
"482";0.692155909992058;0.47;-0.222155909992058
"483";0.323520964072365;0.54;0.216479035927635
"484";0.96262882113885;2.79;1.82737117886115
"485";3.69971149926125;6.26;2.56028850073875
"486";4.82705387805216;6.4;1.57294612194784
"487";3.84064520940759;1.94;-1.90064520940759
"488";0.312825328302097;1.01;0.697174671697903
"489";0.900504029656465;0.67;-0.230504029656465
"490";0.744991534172402;0.45;-0.294991534172402
"491";0.430020446453304;0.47;0.0399795535466961
"492";0.638081374103031;0.47;-0.168081374103031
"493";0.6806328202382;0.48;-0.2006328202382
"494";0.359486526751766;0.45;0.0905134732482343
"495";0.908788247511152;0.56;-0.348788247511152
"496";2.93901493649073;0.65;-2.28901493649073
"497";3.61748304229536;1.29;-2.32748304229536
"498";1.7584081333431;3.69;1.9315918666569
"499";2.99104564120207;1.17;-1.82104564120207
"500";0.309219846076786;0.81;0.500780153923214
"501";0.697308011805719;0.32;-0.377308011805719
"502";0.360939773466922;0.39;0.0290602265330778
"503";0.517673930320715;0.51;-0.00767393032071451
"504";0.521499608825646;0.42;-0.101499608825646
"505";0.432846363118448;0.39;-0.0428463631184481
"506";0.576604386654161;0.42;-0.156604386654161
"507";0.424450508082721;0.48;0.055549491917279
"508";0.502424158514662;0.67;0.167575841485338
"509";2.22962373883984;1.57;-0.659623738839839
"510";1.5786928531152;0.97;-0.608692853115205
"511";0.777696829294461;0.8;0.0223031707055392
"512";0.570289714076819;0.39;-0.180289714076819
"513";0.316419751887578;0.42;0.103580248112422
"514";0.516550629974947;0.63;0.113449370025053
"515";0.589764684103064;0.43;-0.159764684103064
"516";0.371142139787127;0.34;-0.0311421397871265
"517";0.403061009841929;0.3;-0.103061009841929
"518";0.36105280252327;0.3;-0.0610528025232696
"519";0.352100182313506;0.72;0.367899817686494
"520";1.20249851060623;0.76;-0.442498510606233
"521";0.836218519283332;1.93;1.09378148071667
"522";1.70160014399293;1.95;0.248399856007073
"523";1.19174055746401;0.7;-0.491740557464011
"524";0.283742343603329;0.63;0.346257656396671
"525";0.705218785263541;0.28;-0.425218785263541
"526";0.330482487901769;0.26;-0.0704824879017693
"527";0.348074761429231;0.34;-0.0080747614292308
"528";0.352976532605548;0.4;0.0470234673944521
"529";0.38237145343315;0.46;0.0776285465668496
"530";0.605102922978243;0.35;-0.255102922978243
"531";0.328008032802138;0.63;0.301991967197862
"532";1.20941419134826;1.11;-0.0994141913482591
"533";1.65273682557366;2.7;1.04726317442634
"534";2.09570093020873;3.2;1.10429906979127
"535";2.10430172344365;0.68;-1.42430172344365
"536";-0.0421354575903942;0.44;0.482135457590394
"537";0.460912409066131;0.2;-0.260912409066131
"538";0.288056291180263;0.23;-0.0580562911802631
"539";0.36013979852707;0.37;0.00986020147293049
"540";0.460870503160849;0.3;-0.160870503160849
"541";0.365267264170591;0.35;-0.0152672641705913
"542";0.497993268696794;0.4;-0.0979932686967942
"543";0.457117209479323;0.61;0.152882790520677
"544";1.41828774007403;1.02;-0.398287740074033
"545";2.25822863370228;3.17;0.911771366297724
"546";2.48573665828812;6.96;4.47426334171188
"547";4.79881861343366;4.95;0.151181386566339
"548";2.20265307869952;1.98;-0.222653078699517
"549";0.663429493680049;1.01;0.346570506319951
"550";0.78682653918313;0.92;0.13317346081687
"551";0.818161112717994;1.04;0.221838887282007
"552";0.810684286676311;0.63;-0.180684286676311
"553";0.518377112029561;0.49;-0.0283771120295613
"554";0.720078483118715;0.66;-0.0600784831187152
"555";0.660285617235017;0.86;0.199714382764983
"556";1.31332538648316;1.94;0.626674613516835
"557";4.36463622635523;4.92;0.555363773644772
"558";5.72123937350223;4.54;-1.18123937350223
"559";3.22750350810543;0.77;-2.45750350810543
"560";0.0663575267060824;0.35;0.283642473293918
"561";0.765995982195462;0.39;-0.375995982195462
"562";0.857370584034167;0.38;-0.477370584034167
"563";0.5475180744926;0.44;-0.1075180744926
"564";0.489614366762047;0.45;-0.0396143667620473
"565";0.684231652318552;0.39;-0.294231652318552
"566";0.534508905178655;0.39;-0.144508905178655
"567";0.614431160786516;0.42;-0.194431160786516
"568";2.28372641109529;0.52;-1.76372641109529
"569";2.60817738238791;1.26;-1.34817738238791
"570";1.23017705827027;2.26;1.02982294172973
"571";1.58623087714901;0.96;-0.62623087714901
"572";0.363448741610983;0.52;0.156551258389017
"573";0.441972792410696;0.3;-0.141972792410696
"574";0.366586549964161;0.62;0.253413450035839
"575";0.665643854372155;0.61;-0.0556438543721547
"576";0.491879864689861;0.43;-0.0618798646898608
"577";0.408958923375754;0.37;-0.0389589233757539
"578";0.43945919809323;0.39;-0.0494591980932303
"579";0.370585745395054;0.92;0.549414254604946
"580";1.02070318030958;1.98;0.959296819690417
"581";2.36500188148978;1.93;-0.435001881489782
"582";1.45681073252528;2.76;1.30318926747472
"583";1.9798549065044;0.8;-1.1798549065044
"584";0.0873743303787418;0.25;0.162625669621258
"585";0.434565866204567;0.24;-0.194565866204567
"586";0.482737149177684;0.42;-0.0627371491776836
"587";0.533041677486911;0.42;-0.113041677486911
"588";0.42927189656027;0.34;-0.0892718965602697
"589";0.329385214182112;0.33;0.000614785817888486
"590";0.516512061517875;0.41;-0.106512061517875
"591";1.04802173400286;0.44;-0.608021734002859
"592";0.921387790163336;3.29;2.36861220983666
"593";3.78354850256561;1.42;-2.36354850256561
"594";0.631089668775931;1.96;1.32891033122407
"595";1.39940511199887;0.45;-0.949405111998867
"596";0.0455707533988374;0.42;0.374429246601163
"597";0.532812929415868;0.88;0.347187070584132
"598";0.792798709084672;0.89;0.0972012909153278
"599";0.662193446249303;0.65;-0.0121934462493032
"600";0.553161858418499;0.47;-0.0831618584184988
"601";0.416308609683119;0.43;0.0136913903168815
"602";0.181939901385228;0.97;0.788060098614772
"603";2.17050640723324;0.74;-1.43050640723324
"604";0.87839204725423;2.95;2.07160795274577
"605";3.07542335907477;4.48;1.40457664092523
"606";2.91280820245102;3.55;0.637191797548982
"607";1.83493596669821;2.12;0.285064033301789
"608";1.30316748794904;0.58;-0.72316748794904
"609";0.558913718160675;0.39;-0.168913718160675
"610";0.658183196788038;0.66;0.0018168032119622
"611";0.689887628430566;0.53;-0.159887628430566
"612";0.520431283978565;0.41;-0.110431283978565
"613";0.748981024499587;0.21;-0.538981024499587
"614";0.217498452981638;0.41;0.192501547018362
"615";1.34834444996397;0.23;-1.11834444996397
"616";1.96675345412795;0.07;-1.89675345412795
"617";1.58931860366583;0.08;-1.50931860366583
"618";1.07652350420967;0.17;-0.906523504209667
"619";0.379676460101271;0.11;-0.269676460101271
"620";0.179443266490208;0.08;-0.0994432664902084
"621";0.315765670116086;0.07;-0.245765670116086
"622";0.279221599015481;0.08;-0.199221599015481
"623";0.232026108840685;0.07;-0.162026108840685
"624";0.0996250433138105;0.08;-0.0196250433138105
"625";0.231757518808696;0.09;-0.141757518808696
"626";0.166433973170344;0.28;0.113566026829656
"627";0.225547681170563;0.48;0.254452318829437
"628";0.328092998802717;0.95;0.621907001197282
"629";0.698030183474889;0.39;-0.308030183474889
"630";0.128174550856438;0.07;-0.0581745508564377
"631";0.0378114180677657;0.07;0.0321885819322343
"632";0.104049307978453;0.21;0.105950692021547
"633";0.202977196051241;0.19;-0.012977196051241
"634";0.131562359855163;0.33;0.198437640144837
"635";0.262594798806832;0.43;0.167405201193168
"636";0.309307392011265;0.49;0.180692607988735
"637";0.368848332395152;0.69;0.321151667604847
"638";0.570446194732246;0.63;0.0595538052677543
"639";0.773545961698797;0.69;-0.0835459616987972
"640";0.604647022194814;1.51;0.905352977805186
"641";1.06230125917076;2.82;1.75769874082924
"642";1.86571486497359;2.86;0.994285135026412
"643";1.65766850411989;0.9;-0.757668504119892
"644";0.169731210218533;1.07;0.900268789781467
"645";0.928369533520073;0.93;0.00163046647992748
"646";0.743734703828189;0.81;0.0662652961718111
"647";0.661152306857211;0.73;0.0688476931427888
"648";0.738958368215057;0.66;-0.0789583682150569
"649";0.729339285689679;0.56;-0.169339285689679
"650";0.559552177868372;0.6;0.0404478221316278
"651";0.802961394614712;0.77;-0.0329613946147116
"652";1.62870437728634;1.02;-0.60870437728634
"653";1.96362213003931;1.21;-0.753622130039307
"654";1.07325613385877;0.93;-0.143256133858766
"655";0.916865653244911;0.81;-0.106865653244911
"656";0.853645765375878;0.84;-0.0136457653758784
"657";0.849507513472195;0.77;-0.0795075134721951
"658";0.750651813636953;0.68;-0.0706518136369528
"659";0.673185147166216;0.72;0.0468148528337842
"660";0.682108887590291;0.66;-0.0221088875902905
"661";0.625261587881534;0.76;0.134738412118466
"662";0.757466844655548;0.66;-0.0974668446555482
"663";0.759420117849782;0.85;0.0905798821502176
"664";1.06134436905189;0.97;-0.0913443690518891
"665";0.969921929186025;1.08;0.110078070813975
"666";0.969530501908693;0.86;-0.109530501908693
"667";0.800296901175614;0.79;-0.0102969011756143
"668";0.786135359938599;0.85;0.0638646400614012
"669";0.802165127864099;0.74;-0.0621651278640994
"670";0.712777171530955;0.51;-0.202777171530955
"671";0.532767505115173;0.57;0.0372324948848269
"672";0.696295233894917;0.68;-0.0162952338949173
"673";0.69022692803874;0.77;0.0797730719612603
"674";0.79416376402977;0.57;-0.22416376402977
"675";0.670701058577143;1.05;0.379298941422857
"676";1.18430270175113;1.18;-0.00430270175112879
"677";1.04420634168937;1.15;0.105793658310625
"678";0.956479533896717;1.09;0.133520466103283
"679";0.977467114696007;1.01;0.0325328853039935
"680";0.915146137644854;0.83;-0.085146137644854
"681";0.670690418172876;0.77;0.099309581827124
"682";0.674902656175231;0.76;0.0850973438247694
"683";0.748493237879213;0.77;0.0215067621207869
"684";0.804828956206405;0.78;-0.0248289562064047
"685";0.658868150294493;0.69;0.031131849705507
"686";0.808343637213706;0.56;-0.248343637213706
"687";0.795442259155005;0.86;0.0645577408449951
"688";1.04401775872746;1.06;0.0159822412725421
"689";1.09439771009001;0.93;-0.164397710090012
"690";0.927597044523969;1.07;0.142402955476032
"691";1.00153049632915;1.17;0.168469503670845
"692";1.01952554301607;1.13;0.110474456983932
"693";0.954116260031771;0.97;0.0158837399682291
"694";0.844725592789188;0.77;-0.074725592789188
"695";0.768563666834341;0.86;0.0914363331656586
"696";0.85030274271902;0.99;0.13969725728098
"697";0.811909752189038;0.86;0.0480902478109619
"698";0.814055431548948;0.54;-0.274055431548948
"699";0.714503070407136;0.59;-0.124503070407136
"700";0.75659893951398;1.15;0.39340106048602
"701";1.21608584448274;1.1;-0.116085844482744
"702";1.07050514028097;0.97;-0.100505140280966
"703";1.00887148983342;0.94;-0.0688714898334164
"704";0.976016804683568;0.94;-0.036016804683568
"705";0.869281448730533;0.85;-0.0192814487305327
"706";0.808756008668149;0.61;-0.198756008668149
"707";0.735173005591571;0.55;-0.185173005591571
"708";0.738833529356508;0.82;0.0811664706434915
"709";0.771031147697539;0.6;-0.171031147697539
"710";0.489124398815575;0.51;0.0208756011844251
"711";0.7649382402228;0.78;0.0150617597771999
"712";0.984345992331361;1.23;0.245654007668639
"713";1.19439412315482;1.23;0.0356058768451821
"714";1.0541066118545;1.09;0.0358933881454995
"715";0.985351140349843;1.15;0.164648859650157
"716";1.07481235519072;1.07;-0.00481235519071754
"717";0.864349127625408;0.95;0.0856508723745923
"718";0.73652723150287;0.71;-0.0265272315028705
"719";0.747325549956548;0.93;0.182674450043452
"720";0.890922476254495;1.14;0.249077523745505
"721";0.897695704920898;0.98;0.0823042950791022
"722";0.806474264257905;0.54;-0.266474264257905
"723";0.74361847328281;0.46;-0.28361847328281
"724";0.808425901985932;0.95;0.141574098014068
"725";1.11138093264703;1.26;0.148619067352971
"726";1.23615496422838;1.05;-0.18615496422838
"727";0.994959411735681;1.11;0.115040588264319
"728";1.08887299283203;1.23;0.141127007167971
"729";1.0194890833993;1.14;0.120510916600695
"730";0.987843263370914;0.77;-0.217843263370914
"731";0.852705764564605;0.82;-0.0327057645646048
"732";0.981312881446965;1.21;0.228687118553034
